FPR	TPR	Threshold
0	0	1
3.142381297e-05	0.04520839225	0.9965566041
4.189841729e-05	0.04520839225	0.9964677017
0.0001361698562	0.06343420377	0.996435716
0.0001361698562	0.06441881658	0.9964048196
0.0002199666908	0.1433554347	0.9963775024
0.0002199666908	0.148351821	0.9963485081
0.0002199666908	0.1771360337	0.9962951736
0.0002199666908	0.1811268579	0.9962427798
0.0002199666908	0.1954246928	0.9961785965
0.0002199666908	0.2293624108	0.996085746
0.0002199666908	0.2626507034	0.9960118098
0.0002199666908	0.2764562319	0.9959242641
0.0002199666908	0.2815259404	0.9958475207
0.0002199666908	0.3043920016	0.9958141354
0.0003142381297	0.4288931486	0.9957971722
0.0003142381297	0.4298987106	0.9957841488
0.0003351873383	0.4338476364	0.9957593526
0.0003875603599	0.5195927474	0.9957187776
0.0004504079858	0.5485759775	0.9956666239
0.0004504079858	0.552535378	0.9956359164
0.0004504079858	0.5621196409	0.9956210051
0.0004504079858	0.5671684002	0.9955959778
0.0005132556118	0.6582346102	0.9955445064
0.0005551540291	0.6950318952	0.9954916021
0.0005551540291	0.7030659167	0.9954611819
0.000586577842	0.727545067	0.9954444069
0.000586577842	0.7322167405	0.9954340761
0.0005970524463	0.7407430684	0.9954104305
0.0005970524463	0.7487875645	0.9953895253
0.0005970524463	0.7538049	0.9953714139
0.0005970524463	0.7866427846	0.9952520436
0.0005970524463	0.8208528423	0.9951053979
0.0005970524463	0.8249693618	0.9949355686
0.0005970524463	0.8335480627	0.9945722911
0.0005970524463	0.8408069635	0.9941593446
0.0005970524463	0.8484848485	0.9938292828
0.000618001655	0.8494799359	0.9936564142
0.0006389508636	0.8505483455	0.9935888312
0.0006389508636	0.8578910432	0.9934574242
0.0006389508636	0.8656317758	0.9931475055
0.0006389508636	0.8726811845	0.9927387466
0.0006389508636	0.8736762719	0.9924679062
0.0006389508636	0.8747237323	0.9922976614
0.0006389508636	0.8756140737	0.9919452455
0.0006703746766	0.8768291278	0.9916585671
0.0006703746766	0.8777194691	0.9915676251
0.0006703746766	0.8786936073	0.9913577452
0.0006703746766	0.8796048979	0.9908304954
0.0006808492809	0.8806942568	0.9903328915
0.0006808492809	0.8817521918	0.9901019145
0.0006913238852	0.8817521918	0.989930397
0.0007017984896	0.8827368046	0.9898829934
0.0007017984896	0.8837423666	0.9897020316
0.0007017984896	0.8856696938	0.989251134
0.0007017984896	0.8878379369	0.9889453459
0.0007646461155	0.8878379369	0.9887667849
0.0007646461155	0.889849061	0.9883967163
0.0007751207198	0.889849061	0.9881530841
0.0007751207198	0.8928238486	0.9879219753
0.0007751207198	0.8940389027	0.9874028053
0.0007855953241	0.8940389027	0.9870955202
0.0007855953241	0.8958929076	0.9870923657
0.0007960699285	0.8958929076	0.9866880631
0.0008379683457	0.8970241649	0.9845514241
0.0008589175544	0.8980611507	0.9820284211
0.000879866763	0.8990038651	0.9804966383
0.000879866763	0.8998732573	0.9796669274
0.0009531889933	0.9011825828	0.979206182
0.0009950874106	0.902051975	0.9787369376
0.001005562015	0.9033508259	0.9776863197
0.001057935037	0.9043354387	0.9748782404
0.001089358849	0.9054457468	0.972444892
0.001131257267	0.9065665294	0.961681083
0.001141731871	0.9087033487	0.9512670513
0.001204579497	0.9107458966	0.9502397064
0.001204579497	0.9130817333	0.9492607402
0.001351223958	0.915103332	0.9480190498
0.001361698562	0.9174077449	0.9465524042
0.001414071583	0.9194607674	0.9456867115
0.001414071583	0.9212623993	0.9449214064
0.001539766835	0.9232735233	0.9441883582
0.001539766835	0.9253265458	0.9435178698
0.001581665253	0.9272433984	0.9396536389
0.001665462087	0.9272433984	0.9359307963
0.001717835109	0.9272433984	0.9356320536
0.001738784317	0.9272433984	0.9351456659
0.001791157339	0.9272433984	0.9340423981
0.002094920864	0.937100001	0.9331001381
0.002105395469	0.937100001	0.9324943324
0.002115870073	0.937100001	0.9319878625
0.002388209785	0.9464433481	0.9316966959
0.002754820937	0.9553467618	0.9311827502
0.002765295541	0.9553467618	0.9305495467
0.003037635253	0.9646901088	0.9298697073
0.003414721009	0.9739391844	0.9263982266
0.003425195613	0.9739391844	0.9228723964
0.003456619426	0.9739391844	0.922315452
0.003519467052	0.9739391844	0.920072674
0.003540416261	0.9739391844	0.91781026
0.003571840074	0.9739391844	0.9171397605
0.003592789282	0.9739391844	0.9127947813
0.003697535326	0.9739391844	0.9081920663
0.00370800993	0.9739391844	0.9063851635
0.003749908347	0.9739391844	0.9049586635
0.003770857556	0.9739391844	0.904254687
0.003791806764	0.9739391844	0.895483923
0.003896552808	0.9739391844	0.8796970543
0.003917502016	0.9739391844	0.8716429694
0.003938451225	0.9739391844	0.8701843422
0.003990824247	0.9739391844	0.8638737804
0.004032722664	0.9739391844	0.8278424356
0.004043197268	0.9739391844	0.7941412025
0.004064146477	0.9739391844	0.7903346395
0.004074621081	0.9739391844	0.7883655484
0.00409557029	0.9739391844	0.7864963748
0.004106044894	0.9739391844	0.7846112566
0.004137468707	0.9739391844	0.7683240808
0.004147943311	0.9739391844	0.7522986857
0.004210790937	0.9739391844	0.7494351346
0.004231740146	0.9739391844	0.7453908023
0.00424221475	0.9739391844	0.7422369243
0.004263163959	0.9739391844	0.7412263763
0.004273638563	0.9739391844	0.739606069
0.004315536981	0.9739391844	0.7380156249
0.004923064031	0.9758874609	0.733919611
0.005593438708	0.9777938388	0.7266425285
0.005677235542	0.9777938388	0.7224598934
0.006263813384	0.9797421152	0.7206096375
0.006923713457	0.981973206	0.7173641918
0.006944662665	0.981973206	0.7139250385
0.007709308781	0.9842042967	0.7111956353
0.007719783385	0.9842042967	0.709309029
0.007772156407	0.9842042967	0.7063291035
0.007824529428	0.9842042967	0.7004783607
0.007897851659	0.9842042967	0.6952947515
0.007908326263	0.9842042967	0.6921368451
0.007918800867	0.9842042967	0.6907243327
0.007929275472	0.9842042967	0.6897452779
0.007971173889	0.9842042967	0.6887889291
0.008128292954	0.9842042967	0.688525181
0.008274937414	0.9842042967	0.685663248
0.008285412019	0.9842042967	0.6824299753
0.008295886623	0.9842042967	0.6819901881
0.008348259644	0.9842042967	0.6801814077
0.008421581875	0.9842042967	0.6729289613
0.008432056479	0.9842042967	0.6661551303
0.008453005688	0.9842042967	0.6644505444
0.008494904105	0.9842042967	0.6639459342
0.008589175544	0.9842042967	0.6627227563
0.008610124753	0.9842042967	0.6612283192
0.008693921587	0.9842042967	0.6604771132
0.008861515256	0.9842042967	0.6599870591
0.009081481947	0.9842042967	0.6573239684
0.00911290576	0.9842042967	0.6464665698
0.009165278782	0.9842042967	0.6358987328
0.00918622799	0.9842042967	0.6304213003
0.009207177199	0.9842042967	0.624132403
0.009217651803	0.9842042967	0.6158467127
0.009353821659	0.9842042967	0.5909260466
0.009364296264	0.9842042967	0.567159359
0.00942714389	0.9842042967	0.5612330368
0.009448093098	0.9842042967	0.554820164
0.009458567703	0.9842042967	0.5430944977
0.00950046612	0.9842042967	0.5325279878
0.01002419634	0.9852098587	0.5287918024
0.01071552022	0.9863096922	0.5254698094
0.01130209806	0.9874933224	0.5224879646
0.01170611852	0.9882938815	0.521236509
0.0118677267	0.9886141051	0.5207359268
0.01209816799	0.9895672941	0.5160845758
0.01232860929	0.9904471609	0.5123346461
0.01248572835	0.9915888927	0.5102774905
0.01294661094	0.9926992008	0.5041900883
0.01301993317	0.9926992008	0.4982874327
0.01304088238	0.9926992008	0.4944657055
0.01305135698	0.9926992008	0.4899115606
0.01306183159	0.9926992008	0.4859248807
0.01307230619	0.9926992008	0.4825142779
0.01330274749	0.9937152374	0.4756535303
0.0133236967	0.9937152374	0.4697716164
0.01338654432	0.9937152374	0.4659308413
0.01340749353	0.9937152374	0.4615506094
0.01341796814	0.9937152374	0.4548475006
0.01348081576	0.9937152374	0.4482823012
0.01364840943	0.9946998502	0.4474040402
0.01365888404	0.9946998502	0.4467982946
0.01369030785	0.9946998502	0.4454356602
0.01375315547	0.9946998502	0.4437499949
0.01377410468	0.9946998502	0.4415726064
0.0138160031	0.9946998502	0.4385007999
0.0138264777	0.9946998502	0.4348590962
0.01387885073	0.9946998502	0.4311431881
0.01389979994	0.9946998502	0.4285778514
0.01391027454	0.9946998502	0.4272731177
0.01392074914	0.9946998502	0.4266076711
0.01394169835	0.9946998502	0.4247614135
0.01395217296	0.9946998502	0.4216605052
0.01399407137	0.9946998502	0.4200819169
0.01400454598	0.9946998502	0.4197379269
0.01401502058	0.9946998502	0.4180317803
0.01403596979	0.9946998502	0.4157039074
0.014056919	0.9946998502	0.4140740373
0.0140673936	0.9946998502	0.4095658148
0.01408834281	0.9946998502	0.4029023843
0.01410929202	0.9946998502	0.3937867893
0.01418261425	0.9946998502	0.3872851459
0.01419308886	0.9946998502	0.3869828196
0.01428736029	0.9946998502	0.3820933947
0.01437115713	0.9946998502	0.3743304601
0.01440258094	0.9946998502	0.3701871199
0.01442353015	0.9946998502	0.3671212394
0.01449685238	0.9946998502	0.3644872748
0.01450732699	0.9946998502	0.3634535568
0.01452827619	0.9946998502	0.3586648201
0.0145387508	0.9946998502	0.3526560761
0.01462254763	0.9946998502	0.3507627619
0.01463302224	0.9946998502	0.3494791332
0.01464349684	0.9946998502	0.3484297113
0.01468539526	0.9946998502	0.3450918817
0.01469586986	0.9946998502	0.340841714
0.01470634447	0.9946998502	0.3384815033
0.0147901413	0.9946998502	0.3320303753
0.01486346353	0.9946998502	0.3256172173
0.01492631116	0.9946998502	0.32412849
0.01498915878	0.9946998502	0.3209646784
0.0150205826	0.9946998502	0.3137942677
0.0150310572	0.9946998502	0.3012464419
0.01505200641	0.9946998502	0.2929417373
0.01512532864	0.9946998502	0.2927965252
0.01520912548	0.9946998502	0.2904398306
0.01521960008	0.9946998502	0.285965632
0.01523007468	0.9946998502	0.2789896659
0.0152719731	0.9946998502	0.2724366781
0.01528244771	0.9946998502	0.2682966742
0.01529292231	0.9946998502	0.2654862163
0.01535576994	0.9946998502	0.2630257716
0.01545004137	0.9946998502	0.260690068
0.01548146519	0.9946998502	0.2573659962
0.0155233636	0.9946998502	0.2542144932
0.01553383821	0.9946998502	0.2537513458
0.01554431281	0.9946998502	0.2522795527
0.01555478742	0.9946998502	0.2510874321
0.01565953346	0.9946998502	0.2507024064
0.01567000807	0.9946998502	0.2499397368
0.01572238109	0.9946998502	0.2495089628
0.0157433303	0.9946998502	0.2493875856
0.0157538049	0.9946998502	0.247121776
0.01580617792	0.9946998502	0.2437791225
0.01588997476	0.9946998502	0.2406899321
0.01590044936	0.9946998502	0.238602742
0.01595282238	0.9946998502	0.2377150967
0.01601567001	0.9946998502	0.2361738947
0.01602614461	0.9946998502	0.2345482184
0.01604709382	0.9946998502	0.2300516389
0.01610994145	0.9946998502	0.2260397077
0.01631943353	0.9946998502	0.2248779921
0.01675936691	0.9946998502	0.2235052945
0.01710502886	0.9946998502	0.2221259431
0.01711550346	0.9946998502	0.2210055334
0.01716787648	0.9946998502	0.2202533449
0.0171993003	0.9946998502	0.2176567104
0.01724119871	0.9946998502	0.2155091975
0.01725167332	0.9946998502	0.2148127279
0.01729357174	0.9946998502	0.2121229455
0.01774397972	0.9946998502	0.2098492542
0.01780682735	0.9946998502	0.2092444536
0.01783825116	0.9946998502	0.2086342343
0.01790109879	0.9946998502	0.2079640357
0.01798489562	0.9946998502	0.2075470465
0.01802679404	0.9946998502	0.2065200948
0.01825723533	0.9946998502	0.2038300082
0.01833055756	0.9946998502	0.2018577322
0.01870764332	0.9946998502	0.2005640862
0.01874954174	0.9946998502	0.1964573404
0.01881238936	0.9946998502	0.190052886
0.01885428778	0.9946998502	0.1859583065
0.01891713541	0.9946998502	0.1847660997
0.01892761001	0.9946998502	0.1832173131
0.01893808461	0.9946998502	0.1817330713
0.01894855922	0.9946998502	0.1812072872
0.01896950843	0.9946998502	0.1806150123
0.01897998303	0.9946998502	0.1799164276
0.01905330526	0.9946998502	0.1796174549
0.01906377987	0.9946998502	0.1785190029
0.01911615289	0.9946998502	0.177278264
0.0191371021	0.9946998502	0.1761781179
0.01916852591	0.9946998502	0.1747958745
0.01917900051	0.9946998502	0.174270772
0.01925232274	0.9946998502	0.1737076174
0.01929422116	0.9946998502	0.1721966612
0.01930469577	0.9946998502	0.1697870755
0.01931517037	0.9946998502	0.1665366978
0.01936754339	0.9946998502	0.16305167
0.019378018	0.9946998502	0.1613667001
0.0193884926	0.9946998502	0.1604701716
0.01948276404	0.9946998502	0.1575863508
0.01950371325	0.9946998502	0.1554126235
0.01955608627	0.9946998502	0.1548013647
0.01958751008	0.9946998502	0.1529678586
0.0196398831	0.9946998502	0.1499728958
0.02020551174	0.9946998502	0.1468070419
0.02021598634	0.9946998502	0.1451405626
0.02028930857	0.9946998502	0.1447591814
0.02029978318	0.9946998502	0.1438457964
0.02038358001	0.9946998502	0.1430555832
0.02039405461	0.9946998502	0.1426880996
0.02040452922	0.9946998502	0.1417485636
0.02042547843	0.9946998502	0.1408014571
0.02043595303	0.9946998502	0.1403955025
0.02048832605	0.9946998502	0.1396985774
0.02062449591	0.9946998502	0.1390123672
0.02063497051	0.9946998502	0.1385182597
0.02066639433	0.9946998502	0.1376578821
0.02067686893	0.9946998502	0.1367163761
0.02077114037	0.9946998502	0.1355637437
0.02080256418	0.9946998502	0.1346080889
0.02088636102	0.9946998502	0.1340447399
0.02101205627	0.9946998502	0.1335806089
0.02103300548	0.9946998502	0.13291622
0.0210749039	0.9946998502	0.1316255612
0.02116917533	0.9946998502	0.1303609965
0.02125297217	0.9946998502	0.129843705
0.02126344677	0.9946998502	0.1290957545
0.02164053253	0.9946998502	0.1283443486
0.02203856749	0.9946998502	0.1270827972
0.02212236433	0.9946998502	0.1258590639
0.02213283893	0.9946998502	0.1257922189
0.02248897548	0.9946998502	0.1257135071
0.02256229771	0.9946998502	0.1255750699
0.02262514534	0.9946998502	0.1254485891
0.02268799296	0.9946998502	0.1250822669
0.02274036598	0.9946998502	0.1244156954
0.02275084059	0.9946998502	0.1236934722
0.02286606123	0.9946998502	0.122651429
0.02287653584	0.9946998502	0.1214730277
0.02288701044	0.9946998502	0.120432681
0.02292890886	0.9946998502	0.1198050139
0.02313840095	0.9946998502	0.1194660606
0.02314887555	0.9946998502	0.1186590248
0.02315935016	0.9946998502	0.1165271746
0.02316982476	0.9946998502	0.1141760687
0.02318029936	0.9946998502	0.1129935516
0.0232640962	0.9946998502	0.1118329118
0.0232745708	0.9946998502	0.1102997859
0.02328504541	0.9946998502	0.10919044
0.02364118195	0.9946998502	0.107806411
0.023745928	0.9946998502	0.1067794852
0.02377735181	0.9946998502	0.105596758
0.02379830102	0.9946998502	0.1042845551
0.02381925023	0.9946998502	0.1031006426
0.02382972483	0.9946998502	0.1020373844
0.02384019944	0.9946998502	0.1010865263
0.02385067404	0.9946998502	0.09970503071
0.02388209785	0.9946998502	0.09794385085
0.02389257246	0.9946998502	0.09567718506
0.02390304706	0.9946998502	0.09291640919
0.02391352167	0.9946998502	0.09109904785
0.02392399627	0.9946998502	0.09078459273
0.02397636929	0.9946998502	0.09001794813
0.02403921692	0.9946998502	0.08915817534
0.02404969152	0.9946998502	0.08824674379
0.02406016613	0.9946998502	0.08721602712
0.02409158994	0.9946998502	0.08615874109
0.02410206454	0.9946998502	0.08491050366
0.02420681059	0.9946998502	0.08352012926
0.02433250584	0.9946998502	0.08119106353
0.02437440426	0.9946998502	0.0787127896
0.02438487886	0.9946998502	0.07741906114
0.02456294713	0.9946998502	0.07635905348
0.02460484555	0.9946998502	0.07456489558
0.02463626936	0.9946998502	0.0728903221
0.02464674397	0.9946998502	0.07196441127
0.03365490369	0.9956949376	0.07118700461
0.03382249736	0.9956949376	0.07050018974
0.04275733484	0.9967738219	0.06965046556
0.05177596916	0.9978631807	0.06874044367
0.05178644377	0.9978631807	0.06696531703
0.06102504478	0.9988792173	0.06525837392
0.06103551938	0.9988792173	0.06484200264
0.0610669432	0.9988792173	0.0639852951
0.07013795054	1	0.06285881946
0.07024269658	1	0.06207199628
0.07033696802	1	0.0616052022
0.07035791723	1	0.06144603138
0.07037886644	1	0.06027717207
0.07050456169	1	0.0576698482
0.07064073155	1	0.05588453282
0.07065120615	1	0.05499697211
0.07066168076	1	0.05411033364
0.07067215536	1	0.0535060494
0.07081879982	1	0.05276721547
0.07089212205	1	0.05234564263
0.07091307126	1	0.05205752707
0.07093402047	1	0.05153593861
0.07096544428	1	0.05085163467
0.07115398716	1	0.05041923157
0.07119588558	1	0.04997657266
0.07127968241	1	0.04899105447
0.07130063162	1	0.04829019655
0.07134253004	1	0.04801648983
0.07153107291	1	0.04765739409
0.07154154752	1	0.04698648434
0.07160439514	1	0.04610125423
0.07162534435	1	0.04535942054
0.07163581896	1	0.04469746185
0.07164629356	1	0.04437163087
0.07165676817	1	0.04374269401
0.07181388723	1	0.04282314614
0.07186626025	1	0.04249770796
0.07189768406	1	0.04173220477
0.07193958248	1	0.04077806793
0.07195005709	1	0.04040865415
0.07196053169	1	0.04015983748
0.0719710063	1	0.04005625894
0.0719814809	1	0.03991848918
0.07200243011	1	0.03975652581
0.07202337932	1	0.03942508548
0.07203385392	1	0.03905397175
0.07204432853	1	0.0383942878
0.07205480313	1	0.0377285341
0.07206527773	1	0.03729592328
0.07207575234	1	0.03634812062
0.07212812536	1	0.03525120412
0.07217002378	1	0.0346282064
0.07226429522	1	0.03406355304
0.07229571903	1	0.03332821879
0.07232714284	1	0.03297427681
0.07243188889	1	0.03288934788
0.07244236349	1	0.0325620776
0.0724633127	1	0.03196325523
0.0724737873	1	0.03129519936
0.07256805874	1	0.03078292923
0.07258900795	1	0.03058611023
0.07266233018	1	0.0303421343
0.07268327939	1	0.0297892085
0.0727042286	1	0.02920393801
0.07275660162	1	0.02884962403
0.07276707622	1	0.02812029032
0.07279850004	1	0.0272367302
0.07281944925	1	0.02676816602
0.07285087306	1	0.0265663214
0.07286134766	1	0.02652524601
0.07299751752	1	0.02621407853
0.07302894133	1	0.02552807984
0.07306036514	1	0.02499706907
0.07314416198	1	0.0247707195
0.07321748421	1	0.02467421294
0.07341650169	1	0.02466370623
0.0734479255	1	0.02464700236
0.07364694299	1	0.02447041932
0.07381453666	1	0.02417856793
0.07382501126	1	0.02384703874
0.07396118112	1	0.02358267556
0.07410782558	1	0.0234938408
0.07411830018	1	0.02345098692
0.07413924939	1	0.02340247762
0.07414972399	1	0.02323240918
0.0741601986	1	0.02296181676
0.07424399543	1	0.02264345795
0.07431731766	1	0.02228267268
0.07432779227	1	0.02178902052
0.07433826687	1	0.02135325228
0.07435921608	1	0.02111715729
0.07436969068	1	0.02082154441
0.07443253831	1	0.02059254868
0.07444301292	1	0.02041146605
0.07466297961	1	0.02025026263
0.07468392881	1	0.02013938535
0.07470487802	1	0.02000444022
0.07471535263	1	0.01992683378
0.07476772565	1	0.01987797022
0.07486199709	1	0.01984033585
0.0748934209	1	0.01965018953
0.07490389551	1	0.01933612487
0.07497721774	1	0.01897538206
0.07498769234	1	0.01855469833
0.07499816694	1	0.01834499236
0.07509243838	1	0.01828878552
0.07511338759	1	0.0181920375
0.07518670982	1	0.01804064627
0.07522860824	1	0.01784430727
0.07523908284	1	0.01771186693
0.07532287968	1	0.01758668468
0.07533335428	1	0.01742965622
0.0753752527	1	0.01718686679
0.07546952414	1	0.01697510269
0.07550094795	1	0.01691482133
0.07558474479	1	0.01678905571
0.07563711781	1	0.01668699344
0.07564759241	1	0.01653448293
0.07567901623	1	0.01623497332
0.07595135594	1	0.01601174432
0.07597230515	1	0.01579882474
0.07599325435	1	0.0156061838
0.07607705119	1	0.01546852133
0.07608752579	1	0.01516230306
0.076108475	1	0.01490847997
0.07611894961	1	0.01482194368
0.07612942421	1	0.01475032956
0.07613989882	1	0.01468439439
0.07620274644	1	0.01462604272
0.07635986551	1	0.0145584067
0.07646461155	1	0.01447998107
0.07651698457	1	0.014371446
0.07655888299	1	0.0142405598
0.0765798322	1	0.01415090856
0.07678932428	1	0.01410600413
0.07681027349	1	0.01351262006
0.0768416973	1	0.01290626817
0.07686264651	1	0.01280526472
0.07699881637	1	0.01271664185
0.07701976558	1	0.01266361947
0.07703024018	1	0.01257101614
0.0770721386	1	0.0124716767
0.07716641004	1	0.01236360359
0.07725020687	1	0.01229728572
0.07728163069	1	0.01225360382
0.0773025799	1	0.01206633083
0.07733400371	1	0.01186542333
0.07735495292	1	0.01182278842
0.07737590213	1	0.01180002553
0.07738637673	1	0.0117700854
0.0775539704	1	0.01169229787
0.07761681802	1	0.01154701165
0.07781583551	1	0.01137910374
0.07806722601	1	0.01127145226
0.07823481968	1	0.01125521792
0.07838146414	1	0.01124679723
0.07840241335	1	0.0112111262
0.07841288795	1	0.01112022831
0.07843383716	1	0.01105143627
0.07845478637	1	0.01101614706
0.07867475306	1	0.01091995335
0.07868522767	1	0.01077686865
0.07873760069	1	0.01068290347
0.07874807529	1	0.01066219991
0.0787585499	1	0.01063042989
0.07878997371	1	0.01059930054
0.079020415	1	0.01058916878
0.07918800867	1	0.01056214308
0.07919848328	1	0.01053052295
0.08255035666	1	0.01047971639
0.08259225508	1	0.01042646981
0.08260272968	1	0.0102577734
0.08262367889	1	0.01010354265
0.08271795033	1	0.01005428979
0.08278079796	1	0.009977628925
0.08300076465	1	0.009894730334
0.08302171385	1	0.0098327707
0.08315788371	1	0.009824075916
0.08332547738	1	0.009817912537
0.08362924091	1	0.009803570999
0.08367113932	1	0.009720348001
0.08368161393	1	0.009560375343
0.08396442824	1	0.009430805108
0.08399585206	1	0.009349180501
0.08400632666	1	0.009205854094
0.08403775047	1	0.00906203022
0.08414249652	1	0.009022453383
0.08418439493	1	0.009005665915
0.08426819177	1	0.00898341249
0.08428914098	1	0.008959860679
0.08542039824	1	0.008940506248
0.08551466968	1	0.008869524418
0.08582890781	1	0.008799542253
0.08584985702	1	0.008796805696
0.08586033163	1	0.008794808392
0.08593365386	1	0.00879222533
0.08594412846	1	0.008778337395
0.08600697609	1	0.00869870897
0.08612219673	1	0.008606735329
0.08614314594	1	0.008506081949
0.0862793158	1	0.008411999637
0.08630026501	1	0.008390228798
0.08646785868	1	0.00837816379
0.08671924918	1	0.008360989332
0.08862562717	1	0.008341658854
0.09883836638	1	0.008311939929
0.1028920383	1	0.008263003363
0.1029444113	1	0.008222510089
0.1029548859	1	0.008191885405
0.1029758351	1	0.008154851876
0.1029863097	1	0.008102173979
0.1030177335	1	0.008039358766
0.1030701065	1	0.007984786644
0.1031120049	1	0.00792750513
0.1031224795	1	0.007850820339
0.1074065927	1	0.007768839316
0.1074799149	1	0.00771170336
0.1077103562	1	0.007660553134
0.1077313054	1	0.007624444606
0.1077836785	1	0.007569703468
0.1077941531	1	0.007509087316
0.1078046277	1	0.00746382897
0.1078255769	1	0.007423210335
0.1079931706	1	0.007403948011
0.1080664928	1	0.007375067417
0.1081502896	1	0.00733186013
0.1081712388	1	0.007293048975
0.1081817134	1	0.007275273704
0.1082236119	1	0.007229510608
0.1082340865	1	0.007178074107
0.1083912055	1	0.007159794046
0.1084226293	1	0.00711453567
0.1087997151	1	0.007075538223
0.1088206643	1	0.007052222152
0.1088311389	1	0.007005148809
0.1096062596	1	0.006953021382
0.1097529041	1	0.006915625279
0.1098157517	1	0.006862506459
0.1098576501	1	0.006787357081
0.1123820298	1	0.006748716346
0.1123925044	1	0.006716133053
0.1124972504	1	0.00660831317
0.113911322	1	0.006498744321
0.1139741696	1	0.006468670958
0.1139951188	1	0.006450977214
0.1140055934	1	0.006404358866
0.114016068	1	0.006360279564
0.1141522379	1	0.006338223863
0.1153777666	1	0.006328304376
0.1154301396	1	0.006315183195
0.1196095068	1	0.006295372711
0.119682829	1	0.006281552044
0.1236631786	1	0.006261247199
0.1262608805	1	0.006237575977
0.1263865757	1	0.006193131874
0.1284395982	1	0.006149055032
0.1284500728	1	0.006133720376
0.1285757681	1	0.006124902013
0.1289004808	1	0.006117995751
0.1289842776	1	0.006111052816
0.129026176	1	0.006108063127
0.1296860761	1	0.006086952599
0.1296965507	1	0.006055886939
0.1297174999	1	0.006032454614
0.1297698729	1	0.006014286332
0.1304402476	1	0.00599460923
0.1304611968	1	0.005965554301
0.1346615132	1	0.00593123921
0.1358241942	1	0.005910572255
0.1366831118	1	0.005900441568
0.136704061	1	0.005867640081
0.1367250102	1	0.005818373508
0.1370497229	1	0.005774461433
0.1371230452	1	0.005755131432
0.1383485739	1	0.005730942176
0.1383590485	1	0.005703593535
0.1390817962	1	0.005651928032
0.1391865422	1	0.005591019786
0.1395217296	1	0.005552034625
0.1516513214	1	0.00550452959
0.151766542	1	0.005457943145
0.1518084404	1	0.005411245806
0.1518293896	1	0.00538430233
0.1519131865	1	0.005362702855
0.1519969833	1	0.005344003347
0.1520074579	1	0.005291862556
0.1530339691	1	0.005228711155
0.153117766	1	0.005203266901
0.1531282406	1	0.005189079907
0.1630791147	1	0.005175291903
0.1637075909	1	0.005161697827
0.1637494894	1	0.005148758609
0.1637913878	1	0.005118048303
0.1638228116	1	0.005098393875
0.1638542354	1	0.005090780194
0.16386471	1	0.00507615407
0.164210372	1	0.005042081336
0.164262745	1	0.005009439125
0.1642836942	1	0.004999790309
0.1642941688	1	0.004989390234
0.1646188815	1	0.004970405267
0.164870272	1	0.004946166965
0.1650378657	1	0.004925081659
0.1651426117	1	0.004914972716
0.1750201636	1	0.004913378125
0.1757114875	1	0.004912329715
0.1861441934	1	0.004910719002
0.1861756172	1	0.0048821165
0.1862803633	1	0.004849278373
0.1862908379	1	0.004835251021
0.1867936189	1	0.004815673986
0.187212603	1	0.004786191296
0.1872440269	1	0.004759886618
0.1876211126	1	0.004729917983
0.1877153841	1	0.004697270023
0.1877887063	1	0.004686437148
0.188511454	1	0.004673550404
0.1892132525	1	0.004657546923
0.1892551509	1	0.004649013324
0.1893703715	1	0.004634278732
0.18941227	1	0.004618156518
0.1900512208	1	0.004590909543
0.1901873907	1	0.004567413038
0.1902921367	1	0.004559421803
0.1903235605	1	0.004547499169
0.1903340351	1	0.004497144379
0.1903549843	1	0.004415763252
0.1903654589	1	0.004375820416
0.19152814	1	0.004373051023
0.1916433607	1	0.004368274578
0.1916643099	1	0.004349808051
0.2058364495	1	0.004334628984
0.2058573987	1	0.004332508967
0.2059097718	1	0.004330285984
0.2071143513	1	0.004326995227
0.2079313704	1	0.004321029265
0.2081513371	1	0.004309597126
0.2083294054	1	0.004298824938
0.2186154668	1	0.004266242231
0.2187411621	1	0.004219343513
0.2188144843	1	0.004162968741
0.2188459081	1	0.004106044127
0.2193172653	1	0.004083163427
0.2205113702	1	0.004075057981
0.2205218448	1	0.004066814937
0.2205323194	1	0.004061130312
0.2212026941	1	0.004052429423
0.2212131687	1	0.004040232896
0.2224386974	1	0.004018894478
0.2235175816	1	0.004001607122
0.223852769	1	0.003998735422
0.2238841928	1	0.003965031687
0.2252144675	1	0.003933243159
0.225863893	1	0.00390571716
0.2288491552	1	0.003873234745
0.2309336015	1	0.003867659706
0.2310802459	1	0.003863122162
0.2624307367	1	0.003847278377
0.2625145335	1	0.003834107366
0.2625878557	1	0.003830665192
0.2626297542	1	0.003818295715
0.2626507034	1	0.003770582028
0.262661178	1	0.003703882789
0.2879573474	1	0.003669810781
0.288365857	1	0.00364045474
0.2900208445	1	0.003599387366
0.3045072222	1	0.00354386174
0.3068011606	1	0.003502219602
0.306843059	1	0.003484788953
0.3068535336	1	0.003450576597
0.3080266893	1	0.003430925757
0.3080371639	1	0.003423462678
0.3080581131	1	0.003410314623
0.3084247243	1	0.003400887439
0.3090217767	1	0.003385063045
0.3090741497	1	0.003369093338
0.3233824592	1	0.00335735355
0.3234034084	1	0.003334548915
0.3234243576	1	0.003319832375
0.3352816097	1	0.003312875819
0.3353654066	1	0.003299757629
0.3355330002	1	0.003291162162
0.3355434748	1	0.003260987469
0.3355644241	1	0.003226747005
0.3355748987	1	0.003215889958
0.3355853733	1	0.003208195556
0.3356482209	1	0.003205219162
0.3489509684	1	0.003202657606
0.3489719176	1	0.003198193698
0.3639820256	1	0.003187054671
0.3645581288	1	0.003170588209
0.3645686034	1	0.003154576128
0.3649037908	1	0.003141550292
0.3651656559	1	0.003122310411
0.3961809593	1	0.003106630254
0.3961914339	1	0.003100189038
0.3962019085	1	0.003094317012
0.3962228577	1	0.003082133215
0.3963590275	1	0.003065511892
0.4272905341	1	0.003057734466
0.4298253883	1	0.003045980951
0.4544826069	1	0.003035442342
0.4544930815	1	0.003027823782
0.4545140307	1	0.003010117215
0.4689166117	1	0.002996035124
0.485215096	1	0.002988822112
0.4852884182	1	0.002966413708
0.4853093674	1	0.002943292179
0.4858330977	1	0.002921895915
0.486273031	1	0.002905546363
0.4862835056	1	0.00289501004
0.4865244215	1	0.00288406297
0.4866291676	1	0.002882246701
0.4867024898	1	0.002876072513
0.4867653374	1	0.002866734892
0.4872576438	1	0.002861420094
0.4876975772	1	0.002856698623
0.488074663	1	0.002853459396
0.4908609077	1	0.002849931903
0.4916569777	1	0.002844467007
0.4917617237	1	0.002832915524
0.4917721983	1	0.002817512769
0.4917826729	1	0.002807736652
0.4918140967	1	0.00279917392
0.5232483843	1	0.002793389732
0.5240130304	1	0.002786548479
0.524023505	1	0.002773583733
0.5241177765	1	0.002761357614
0.5242329971	1	0.002750182077
0.5244529638	1	0.002732912769
0.524473913	1	0.002721254612
0.5249347956	1	0.002715844268
0.5375043208	1	0.002708259393
0.5376195414	1	0.002698946422
0.5394211734	1	0.002691968842
0.5394735464	1	0.002688029882
0.54043721	1	0.002670422777
0.5406152783	1	0.002651108952
0.5410971101	1	0.002633871407
0.5411075847	1	0.002611678701
0.5413275514	1	0.002598541722
0.5413694498	1	0.002595439232
0.5419560276	1	0.00258123348
0.5420293498	1	0.002563032587
0.5420398244	1	0.002555789569
0.542050299	1	0.002545958021
0.5511527302	1	0.002525504813
0.5512470016	1	0.002508309902
0.5513517477	1	0.002502684156
0.5513726969	1	0.0024958057
0.5516450366	1	0.00247724992
0.5820318637	1	0.002463364601
0.5839696655	1	0.002459849161
0.5844619719	1	0.002454677756
0.5845352942	1	0.002446920678
0.584619091	1	0.002431648667
0.585121872	1	0.002418041417
0.5851323466	1	0.002413297145
0.5851428212	1	0.002407178756
0.5851847196	1	0.002398922658
0.5852475673	1	0.002394860418
0.5855827546	1	0.002385394478
0.5856351276	1	0.002376596884
0.5881699819	1	0.002373440168
0.5885051692	1	0.00235520404
0.5886203899	1	0.002331762698
0.5886308645	1	0.002312413649
0.5886413391	1	0.002300047923
0.5887565597	1	0.002295888222
0.588829882	1	0.002290679834
0.5889555772	1	0.00228902223
0.5906000901	1	0.002287902266
0.5906734123	1	0.00226757214
0.5907153107	1	0.002247553003
0.5907257853	1	0.002242049919
0.5909667012	1	0.002235831008
0.5912390409	1	0.002233266109
0.5912495155	1	0.002231578381
0.5918046696	1	0.002216847108
0.5927369094	1	0.002200669959
0.5929359268	1	0.002195022888
0.5929987745	1	0.002190963875
0.5931035205	1	0.00218973659
0.5936900984	1	0.002187379641
0.595156543	1	0.002185287083
0.5962354272	1	0.002184036393
0.5964763431	1	0.002180990585
0.5969686495	1	0.002156862426
0.5969895987	1	0.002133011165
0.5998910641	1	0.002123643224
0.5999120133	1	0.002110837831
0.5999643863	1	0.00210026072
0.6004985912	1	0.00208983101
0.600530015	1	0.0020787729
0.6009908976	1	0.002071866526
0.6010013722	1	0.002063447511
0.6010956436	1	0.002051543429
0.6015460516	1	0.002044180757
0.6015565262	1	0.002036377262
0.601640323	1	0.002027225484
0.6032219883	1	0.002020794359
0.6033267343	1	0.002010194731
0.6033372089	1	0.001999050259
0.6051388409	1	0.001994546927
0.6055159266	1	0.001993016719
0.6061863013	1	0.001989946623
0.6061967759	1	0.001974579245
0.6062072505	1	0.001958761879
0.6062281997	1	0.001955057086
0.6062386743	1	0.001952361357
0.6068147776	1	0.00194870024
0.6068776252	1	0.001946118025
0.6069509474	1	0.001938423988
0.6070137951	1	0.001930255796
0.6071080665	1	0.001922528861
0.6071185411	1	0.001908549444
0.6071918633	1	0.001896983789
0.6088992238	1	0.001888123258
0.6095905477	1	0.001879745084
0.6096743446	1	0.001874295439
0.6097267176	1	0.001870988812
0.6112036368	1	0.001869513143
0.6112141114	1	0.001866546812
0.6112874336	1	0.001860779453
0.6112979082	1	0.001855474751
0.611727367	1	0.001850622871
0.6123663179	1	0.001846784888
0.6138118133	1	0.001841538554
0.6138851355	1	0.001836516907
0.6142098482	1	0.001832009568
0.6148592737	1	0.001825663352
0.6148906975	1	0.001818770764
0.6155610722	1	0.001812303197
0.6155715468	1	0.001805877781
0.6171113136	1	0.001799412455
0.6171741612	1	0.001795833062
0.6173103311	1	0.001784939521
0.6192586075	1	0.001773517443
0.6193424043	1	0.001762327884
0.6194262012	1	0.001752148039
0.619457625	1	0.001751079799
0.619509998	1	0.00174453782
0.6198661346	1	0.001733123798
0.6198766092	1	0.001722855417
0.6214268506	1	0.001712893385
0.621521122	1	0.00170532409
0.6216363427	1	0.001701692434
0.6220553269	1	0.001700476842
0.6231237365	1	0.001694866692
0.6237836366	1	0.001683128493
0.6238464842	1	0.001674550171
0.623930281	1	0.00166518393
0.6244435366	1	0.001656297445
0.6250196399	1	0.001650754725
0.6250510637	1	0.001642695599
0.6250615383	1	0.001634839729
0.6250824875	1	0.001630392117
0.6251767589	1	0.001623944699
0.6252396066	1	0.001611896721
0.6255747939	1	0.001599710468
0.6256690654	1	0.00158882543
0.626287067	1	0.001582071797
0.6263708638	1	0.001579027816
0.6264232369	1	0.001572201493
0.6264860845	1	0.001541506551
0.6268317464	1	0.00151405401
0.6270936115	1	0.001510895243
0.6272088322	1	0.00150783165
0.6272193068	1	0.001502973686
0.6272297814	1	0.001494233645
0.6274497481	1	0.001486210948
0.6275649687	1	0.001476735503
0.627638291	1	0.00146757774
0.6281201228	1	0.001449338439
0.6294713467	1	0.001427259996
0.6295132451	1	0.00141478935
0.6295341943	1	0.001405483005
0.629544669	1	0.001387543276
0.6296913134	1	0.001359246596
0.629701788	1	0.001344251966
0.6316395898	1	0.00133493415
0.6316814882	1	0.001321682929
0.6333888487	1	0.001313365488
0.6333993233	1	0.001310809496
0.6334516964	1	0.001305475999
0.6338183075	1	0.00128670312
0.635923703	1	0.001259041676
0.635976076	1	0.001241574968
0.6360389236	1	0.001237439613
0.6360493982	1	0.001231784173
0.6364998062	1	0.001222042621
0.6386575747	1	0.001215911108
0.6386680493	1	0.001213042999
0.6388670668	1	0.001208090668
0.6392965256	1	0.001202339431
0.6393070002	1	0.001190998876
0.6393279494	1	0.001179864334
0.6393488986	1	0.001173807279
0.6394222208	1	0.001161997541
0.6412867004	1	0.001141007914
0.6413390734	1	0.001127294741
0.6413809718	1	0.00112451256
0.6413914464	1	0.00110312164
0.6414333449	1	0.001069050382
0.6414438195	1	0.001051289311
0.6415695147	1	0.001047789828
0.643653961	1	0.00104617244
0.6436853848	1	0.001043497084
0.6506195728	1	0.001026333265
0.6506405221	1	0.001004420521
0.6507871665	1	0.0009939647065
0.6507976411	1	0.0009880374466
0.6530287318	1	0.0009729859216
0.653049681	1	0.0009602243709
0.6544113796	1	0.0009489560234
0.6561920623	1	0.0009347063616
0.6562130116	1	0.0009302337212
0.6563282322	1	0.0009166200178
0.6563387068	1	0.0009020974074
0.6563806052	1	0.0008973811811
0.6578470498	1	0.0008940851419
0.6578889482	1	0.0008870329071
0.6579203721	1	0.0008792085107
0.6960060334	1	0.0008753821876
0.696016508	1	0.000871003522
0.6978600383	1	0.0008626833402
0.6979857336	1	0.0008492356527
0.6979962082	1	0.0008272968205
0.6980066828	1	0.0008099741379
0.7424085305	1	0.0008065182338
0.7424190051	1	0.0007986053476
0.742502802	1	0.000789565142
0.7425132766	1	0.0007764342831
0.7426703956	1	0.0007589204904
0.7483162074	1	0.0007500339267
0.7502016361	1	0.0007420877251
0.7502435346	1	0.0007364640252
0.7963108444	1	0.000733780068
0.7963317936	1	0.0007251215309
0.8418230001	1	0.00071761295
0.8418334747	1	0.0007100875982
0.8418439493	1	0.0006871851321
0.841906797	1	0.0006680905042
0.8805580869	1	0.0006648183551
0.8805685615	1	0.0006636838013
0.8805790361	1	0.0006622806331
0.8805895107	1	0.0006509202472
0.8805999853	1	0.00063969773
0.8806942568	1	0.000636701867
0.8807047314	1	0.0006327891398
0.8807361552	1	0.0006244454441
0.8807780536	1	0.0006170716915
0.8808304266	1	0.0006111712639
0.8808513758	1	0.0006031717326
0.880872325	1	0.0005947603978
0.8808932743	1	0.0005788421829
0.8809665965	1	0.0005623308934
0.8809770711	1	0.0005551490279
0.8810294441	1	0.0005536281869
0.8811132409	1	0.0005516027994
0.8811446648	1	0.0005477472774
0.8853973541	1	0.0005439149617
0.8854497271	1	0.000541336811
0.8854602017	1	0.000536555249
0.8858163383	1	0.0005311716237
0.8858372875	1	0.000526036681
0.8859106097	1	0.0005223194158
0.8859525081	1	0.0005213949435
0.8859629827	1	0.0005101412311
0.8859734574	1	0.0004992926835
0.885983932	1	0.0004967041902
0.886539086	1	0.0004908559249
0.8865495606	1	0.0004821316221
0.8865809844	1	0.0004730433513
0.886591459	1	0.0004671363788
0.8870628162	1	0.0004645379276
0.888393091	1	0.0004564905817
0.8884035656	1	0.0004485491811
0.8922372707	1	0.0004439817273
0.8922896438	1	0.0004392716424
0.8923315422	1	0.0004348813626
0.8963956887	1	0.0004274232314
0.8964061633	1	0.0004214032051
0.8970032157	1	0.0004081898316
0.8970241649	1	0.0003961985915
0.8973698269	1	0.0003897333436
0.8973803015	1	0.0003787499847
0.897631692	1	0.0003727194666
0.898239219	1	0.000372098721
0.8982496936	1	0.0003715788661
0.898794373	1	0.0003697784715
0.8988257969	1	0.0003661642805
0.9031203846	1	0.0003599996832
0.9031413338	1	0.0003544646735
0.9031518084	1	0.0003525643741
0.9031937069	1	0.0003491617029
0.9032041815	1	0.0003435506335
0.9032146561	1	0.0003361455877
0.9032984529	1	0.0003229711511
0.9038431323	1	0.0003126250274
0.9039897768	1	0.0003103127716
0.9045763546	1	0.0003084282588
0.9048067959	1	0.0003016050518
0.9048172705	1	0.0002963921012
0.9049010674	1	0.000294644714
0.904911542	1	0.0002924702101
0.9057285611	1	0.0002832764846
0.9057390357	1	0.0002700517734
0.9063989358	1	0.0002653856338
0.9071426327	1	0.0002632647422
0.9077815836	1	0.0002602749747
0.9077920582	1	0.0002550695399
0.9078025328	1	0.0002489826
0.9078130074	1	0.0002469507215
0.9078549058	1	0.0002449276763
0.9078653804	1	0.0002379165419
0.9080958217	1	0.0002319674285
0.9081062963	1	0.0002309090434
0.9081481947	1	0.0002303407874
0.9082319915	1	0.0002297951097
0.9084205344	1	0.0002278586354
0.9093004012	1	0.0002254621612
0.9099707759	1	0.0002231352708
0.9099917251	1	0.0002203998191
0.9100755219	1	0.0002192030983
0.9101278949	1	0.0002186240482
0.9101383695	1	0.0002146513779
0.9101488441	1	0.0002106651594
0.9109449141	1	0.0002101794752
0.9109658633	1	0.0002097246495
0.9109868125	1	0.0002085173105
0.9118247808	1	0.0002075963141
0.9118352554	1	0.0002073210957
0.91184573	1	0.0002069938646
0.9120971205	1	0.0002034505866
0.9121390189	1	0.0001995791239
0.9162450638	1	0.0001985646247
0.9164126575	1	0.0001973827428
0.9171354052	1	0.0001959463989
0.9207910421	1	0.0001943523873
0.9208538897	1	0.0001932251133
0.9213357215	1	0.0001878595357
0.9214195184	1	0.0001816024363
0.9214614168	1	0.0001789429794
0.9221108423	1	0.0001772586062
0.9222784359	1	0.0001767437317
0.9222889105	1	0.0001757780102
0.9223936566	1	0.0001750635837
0.9230745059	1	0.0001746817634
0.9231478281	1	0.000171445203
0.9231583027	1	0.0001681244953
0.9231792519	1	0.0001676902985
0.9232735233	1	0.0001676427096
0.9232944726	1	0.0001671335905
0.9247190187	1	0.0001660180327
0.9247294933	1	0.0001651675995
0.9248028156	1	0.000163841795
0.9248761378	1	0.0001622817992
0.924897087	1	0.0001598718272
0.9249913585	1	0.0001569670079
0.9250961045	1	0.0001555182591
0.9251065791	1	0.0001544136099
0.9257560046	1	0.0001536161907
0.925797903	1	0.0001512382085
0.9258083776	1	0.0001473321978
0.9267406174	1	0.0001455906527
0.9267615666	1	0.000145346159
0.926803465	1	0.0001436238369
0.9268139396	1	0.0001416136581
0.9268453634	1	0.0001410455048
0.926855838	1	0.0001398332552
0.9269815333	1	0.0001369904108
0.9276728572	1	0.0001335275951
0.927756654	1	0.0001317227426
0.9278718746	1	0.0001314041226
0.9279032985	1	0.0001307987204
0.9280813667	1	0.0001288954856
0.9282384858	1	0.0001270459661
0.9282489604	1	0.0001266160985
0.9283327572	1	0.0001263696715
0.9290136065	1	0.0001256633855
0.9319360211	1	0.0001249404491
0.9357068787	1	0.0001248213827
0.9357173533	1	0.0001245910189
0.9357278279	1	0.0001242099447
0.9358954216	1	0.0001232752612
0.9360106422	1	0.0001219773827
0.9387549885	1	0.0001213017705
0.939006379	1	0.0001208156708
0.9425467953	1	0.0001202900452
0.9453644639	1	0.000120100716
0.9455320575	1	0.0001198458246
0.9455739559	1	0.0001191143769
0.9484335229	1	0.0001185986207
0.9484544721	1	0.0001182652571
0.9485068452	1	0.0001174617579
0.9499628152	1	0.000116547401
0.9500047136	1	0.0001158974212
0.9533461124	1	0.0001155889785
0.953566079	1	0.0001150457048
0.9549382522	1	0.0001144943408
0.9549906252	1	0.000113968618
0.9550010998	1	0.0001127753411
0.9550115744	1	0.0001116958433
0.9550953713	1	0.0001108723516
0.9551582189	1	0.0001093163138
0.9556505253	1	0.000108214078
0.9556714745	1	0.0001078888965
0.9562475777	1	0.0001074077802
0.9568027318	1	0.0001065229817
0.9582377526	1	0.0001058275085
0.9582587018	1	0.0001057756763
0.9582691764	1	0.0001057194274
0.9631817658	1	0.0001045639498
0.9637788183	1	0.0001033191978
0.9638416659	1	0.0001030421197
0.9691418157	1	0.0001023574583
0.9707234809	1	0.0001008093257
0.9707339555	1	9.886755223e-05
0.9760550545	1	9.762358737e-05
0.9761283768	1	9.7203465e-05
0.9761702752	1	9.673505942e-05
0.9761807498	1	9.504986738e-05
0.9763273942	1	9.304508706e-05
0.9764426149	1	9.230399892e-05
0.9765368863	1	9.009109705e-05
0.9766102085	1	8.784206085e-05
0.9766311578	1	8.733747378e-05
0.9766416324	1	8.530768412e-05
0.976652107	1	8.302087831e-05
0.9767254292	1	8.232897144e-05
0.9767359038	1	8.04894736e-05
0.9768197006	1	7.802733238e-05
0.9768615991	1	7.60361475e-05
0.9817741885	1	7.413156188e-05
0.981973206	1	7.342317468e-05
0.9820465282	1	7.317099604e-05
0.9820570028	1	7.259690231e-05
0.9825702584	1	7.194600173e-05
0.9827483267	1	7.112466342e-05
0.9880903749	1	7.040601062e-05
0.9930867611	1	7.024316611e-05
0.993275304	1	6.683554217e-05
0.9933800501	1	6.280010262e-05
0.9984078601	1	6.172436908e-05
0.9986278268	1	6.046989941e-05
0.9987011491	1	5.917716455e-05
0.9987849459	1	5.740540509e-05
0.9991096586	1	5.485509657e-05
0.9994238968	1	5.364668396e-05
0.9996333888	1	5.085175846e-05
0.9996438635	1	4.653319612e-05
0.9998743047	1	4.434260293e-05
0.9998847794	1	4.305237208e-05
0.999895254	1	4.203905281e-05
0.9999790508	1	3.892702357e-05
0.9999895254	1	3.175683137e-05
1	1	0
